
4867 36 2254 32 32

4867 36 2254 32 32

4867 36 2254 32 32

4867 36 2254 32 32

4867 36 2254 32 32

4866 52 2254 48 48

4866 52 2254 48 48

4866 52 2254 48 48

4866 52 2254 48 48

4866 52 2254 48 48

4865 36 2254 32 32

4865 36 2254 32 32

4865 36 2254 32 32

4865 36 2254 32 32

4865 36 2254 32 32

4867 36 2254 32 32

4867 36 2254 32 32

4867 36 2254 32 32

4867 36 2254 32 32

4867 36 2254 32 32

4866 52 2254 48 48

4866 52 2254 48 48

4866 52 2254 48 48

4866 52 2254 48 48

4866 52 2254 48 48

4865 36 2254 32 32

4865 36 2254 32 32

4865 36 2254 32 32

4865 36 2254 32 32

4865 36 2254 32 32

4867 36 2254 32 32

4867 36 2254 32 32

4867 36 2254 32 32

4867 36 2254 32 32

4867 36 2254 32 32

4866 52 2254 48 48

4866 52 2254 48 48

4866 52 2254 48 48

4866 52 2254 48 48

4866 52 2254 48 48

4865 36 2254 32 32

4865 36 2254 32 32

4865 36 2254 32 32

4865 36 2254 32 32

4865 36 2254 32 32

4867 36 2254 32 32

4867 36 2254 32 32

4867 36 2254 32 32

4867 36 2254 32 32

4867 36 2254 32 32

4866 52 2254 48 48

4866 52 2254 48 48

4866 52 2254 48 48

4866 52 2254 48 48

4866 52 2254 48 48

4865 36 2254 32 32

4865 36 2254 32 32

4865 36 2254 32 32

4865 36 2254 32 32

4865 36 2254 32 32
