
431 35742752810763483276323802467607210545002682426704380664230924731151092375579 27964968588645232391897083675735298796019658975771642636352187119370433282387909624199416574164542316157350222333969 3553205692258791867115470092996683983307869657384049460345586046790828636570107958593367347513844014091308189370748761358087160106105585745562973728593780598 161

431 36212787918821274864109574322924789589450878875615860375134494910992450279259 10673240735661974763443683445395519231773687592572172904636468116601816818119359841900622226349223084808604858740998 2919009460478001068285097321496084793631709548787963678570824943531605421803964408130882732912173400675828033871711155177857033662548019266305037238567938682 161

431 10323189707952361701567115736404008509860592331398316396647406227445810461893 29475028059490901409228622953491205205555943195178730063753222204432316779210579377959971279160131896054744462922912 1709705127323294144402038975823962150888265224003825938713941784131430833481281601003657259242876470165025963020182763493816277659423009653425565930671639739 161

431 114342685415463477692247979693891331158171391050339303688422213162130072851030 39224572150912884602764932253407433829242756030000850473851313805909491778857546190553194438590619616542130814746959 19540925559860408885062193016693704828100921829343906883791979024157240972136903401066898823991281276058010629555647973708886883602842381428950392452813434 161

431 74124678928185168213765446932949334397281857629690045442871639354606418506486 8885816896867229226540168968295731516220241690760758626735285669845095859120586650027407515762868493209877407005947 1691872911794431407882161416812440235103432417981326898195191980928220880117738016864893973022195966138370615182404084151324484342938575518794309007576458680 161

431 87986018495054195430894677242111250357298525284447087102274432939155735649550 33899070809091923292401499785386464250802945088722750860713598816494780628323458541422106387885165943150111759783679 2753241036538223981368736625999083149234200697500063373849924537891359946410623390832778770431654924236917760832822381971997816470687749744544400965664426759 161

431 46060685368562623030259551704370610726656195014997095638835939759222811660831 29264194180829979590402996384939946686185349933619857036865037169574327992083622015861811504418862038997402704830088 5049539077471916113368407781245201105228585252059981857223869079418320391108295592046742158039724522371988070432072692223068347690842566169943153815878906228 161

431 584055694708668944050105143485991657486540673292896943084149788402758091136 30947583164872965078924508146798220785270763298349024923305448368692165241399475174764868813475738653728739501832620 4962141249751966112200689890504615305718745633907103792856678943009719501150803525601116691410013112401982351802071034014586443359759555452178891486326724028 161

431 72378478661044038814639101667830651083213927913191337970155173990863435341223 3072375735772882823972091512665803636485983666882856060597325911827553866554531714307975072859634873231295357113720 4763088054367534625545837894283309907538244799489618001382809882376843190173777395576305864385538375093384338020151926698266117522234738712210841774391128700 161

431 35477874522288310233694094549645932939010410871528584337905939906132670235401 29161735564758508883867522350250216646475905992994920497147951010212897064710042796320193882357137164281359019009936 5288561713653933720025979493692264416281108307276424972005905606925729409745925245069784849609483595315665842106771114674774958941753251388512464500121761678 161
